# Created by Octave 4.0.0, Wed May 04 10:38:51 2016 BRT <ia368n@ia368n-VirtualBox>
# name: laserData
# type: matrix
# rows: 1
# columns: 181
 1581 1578 1582 1583 1583 1586 1589 1593 1596 1598 1606 1610 1615 1621 1627 1635 1642 1649 1661 1672 1679 1689 1702 1713 1725 1743 1753 1771 1787 1802 1819 1839 1860 1880 1900 1924 1945 1973 1999 2027 2058 2087 2116 2153 2188 2226 2262 2303 2321 2313 2318 2326 2322 2339 2334 2352 2349 2364 2367 2387 2385 2407 2406 2430 2432 2454 2469 2484 2507 2511 2497 2478 2468 2451 2438 2426 2418 2407 2397 2389 2379 2370 2367 2361 2353 2349 2347 2342 2343 2340 2341 2340 2343 2344 2344 2347 2352 2356 2359 2363 2373 2378 2388 2398 2403 2416 2429 2440 2452 2407 2290 2182 2086 1996 2005 2020 2036 2055 2070 2088 2108 2131 2154 2179 2202 2226 2254 2283 2313 2344 2375 2409 2426 2376 2336 2292 2253 2212 2181 2144 2112 2082 2051 2024 1995 1971 1950 1923 1902 1884 1863 1847 1828 1810 1795 1777 1760 1750 1736 1722 1710 1703 1691 1681 1670 1665 1654 1646 1643 1632 1628 1623 1619 1615 1610 1608 1607 1601 1601 1600 1601


# name: pose
# type: scalar struct
# ndims: 2
 1 1
# length: 3
# name: x
# type: scalar
2340


# name: y
# type: scalar
1600


# name: th
# type: scalar
0




